C: 0.03125
GAMMA: 3.05176e-05
P: 0
NU: 0
COEF: 0
DEGREE: 0
