%YAML:1.0
Eigenvalues: !!opencv-matrix
   rows: 3
   cols: 1
   dt: f
   data: [ 7.59579297e+03, 0., -2.44140625e-04 ]
Eigenvector: !!opencv-matrix
   rows: 3
   cols: 3
   dt: f
   data: [ 5.77350259e-01, 5.77350259e-01, 5.77350259e-01,
       7.07106829e-01, -7.07106829e-01, 0., -4.08248305e-01,
       -4.08248305e-01, 8.16496551e-01 ]
